0000000000000000000000000000000000000000000000000000000000000000
0000000000000000000000000000000000000000000000000000000000000001
0000000000000000000000000000000000000000000000000000000000001000
0000000000000000000000000000000000000000000000000000000000010000
0000000000000000000000000000000000000000000000000000000000001000
0000000000000000000000000000000000000000000000000000000000010000
0000000000000000000000000000000000000000000000000000000010000000
0000000000000000000000000000000000000000000000000000000000000000
0000000000000000000000000000000000000000000000000000000000000001
0000000000000000000000000000000000000000000000000000000000000100
0000000000000000000000000000000000000000000000000000000000001000
0000000000000000000000000000000000000000000000000000000000011110
0000000000000000000000000000000000000000000000000000000001111000
0000000000000000000000000000000000000000000000000000000000010000
0000000000000000000000000000000000000000000000000000000000100000
0000000000000000000000000000000000000000000000000000000010000000
0010000000000000000000000000000000000000000000000000001100000010
0000000000000000000000000000000000000000000000000000011100000000
0000000000000000000000000000000000000000000000000000111000000010
0000000000000000000000000000000000000000000000000000110000100000
0000000000000000000000000000000000000000000000000010100000000000
0000000000000000000000000000000000000000000000000110000001001000
0000000000000000000000000000000000000000000000001110000000000000
0000000000000000000000000000000000000000000000001100000001000000
0000000000000000000000000000000000000000000000000000000100000000
0010000000000000000001000000000000000000000000000000001000000000
0000000000000000000000000000000000000000000000000000010000100000
0000000000000000000001000001000000000000000000000000100000000000
0000000000000000000000000011000000000000000000000000000000000000
0000000000000000000000000011000000000000000000000010000000000000
0000000000000000000000000010000000000000000000000100000000001000
0000100000000000000000000000000000000000000000001000000000000000
0000000000000001000001000000000000000000000000000000000000000000
0000000000000010000000000000000000000000000000000000000000100000
0010000000000100000000000000000000000000000000000000000000000000
0000000000001000000000000000000000000000000000000000000000000000
0000000000000000000001000000000000100000000000000000000000000000
0000000000000000000000000000000000100000000000000000000000000000
0000100001000000000000000000000000100000000000000000000000000000
0000000010000000000000000000000000000000000000000000000000001000
0000000000000011000000000000000000000000000000000000000000100000
0000000000000111000000000000000000000000000000000000000000000000
0000000000001110000000000000000000000000000000000000000000000000
0010000000001100000000000000000000000000000000000000000000000000
0000000000001000000000000000000000000000000000000000000000000000
0100100001000000000000000000000000000000000000000000000000000000
0000000011000000000000000000000000000000000000000000000000000000
0100000011000000000000000000000000000000000000000000000000000000
0000000100000000000001000000000000000000000000000000000000000000
0000010000000000000000000000000000000000000000000000000000000000
0000100000000000000000000000000000000000000000000000000000000000
0001110000000000000000000000000000000000000000000000000000000000
0111100000000000000001000000000000000000000000000000000000000000
0001000000000000000000000000000000000000000000000000000000000000
0010000000000000000000000000000000000000000000000000000000000000
1000000000000000000000000000000000000000000000000000000000000000
0000000000000000000000000000000000000000000000000000000000000000
0000000100000000000001000000000000000000000000000000000000000000
0000100100000000000000000000000000000000000000000000000000000000
0001000000000000000001000000000000000000000000000000000000000000
0000100000000000000000000000000000000000000000000000000000000000
0001000000000000000000000000000000000000000000000000000000000000
1000000000000000000000000000000000000000000000000000000000000000
0000000000000000000000000000000000000000000000000000000000000000
