0000000011011111000000000010000000000000000000000000000000000000
0000000000000000000000000000000000110000000000001110111100000000
0100000000000000000001000000000000000000000000000000000000000000
0000000000000000000000000000000000000000000000000000000001000010
0010010000000000000000000000000000000000000000000000000000000000
0000000000000000000000000000000000000000000000000000000000100100
1000000100000000000000000000000000000000000000000000000000000000
0000000000000000000000000000000000000000000000000000000010000001
0001000000000000000000000000000000000000000000000000000000000000
0000000000000000000000000000000000000000000000000000000000010000
0000100000000000000000000000000000000000000000000000000000000000
0000000000000000000000000000000000000000000000000000000000001000
